2021-01-02 09:41:05,312 
2021-01-02 09:41:05,313 Parameters:
2021-01-02 09:41:05,313 ALPHA_LR=0.0003
2021-01-02 09:41:05,313 ALPHA_WEIGHT_DECAY=0.001
2021-01-02 09:41:05,313 BATCH_SIZE=64
2021-01-02 09:41:05,313 DATA_PATH=./data/
2021-01-02 09:41:05,313 DATASET=CIFAR10
2021-01-02 09:41:05,313 EPOCHS=50
2021-01-02 09:41:05,313 GPUS=[0]
2021-01-02 09:41:05,313 INIT_CHANNELS=16
2021-01-02 09:41:05,314 LAYERS=8
2021-01-02 09:41:05,314 NAME=CIFAR10
2021-01-02 09:41:05,314 PATH=searchs/CIFAR10
2021-01-02 09:41:05,314 PLOT_PATH=searchs/CIFAR10/plots
2021-01-02 09:41:05,314 PRINT_FREQ=50
2021-01-02 09:41:05,314 SEED=2
2021-01-02 09:41:05,314 W_GRAD_CLIP=5.0
2021-01-02 09:41:05,314 W_LR=0.025
2021-01-02 09:41:05,314 W_LR_MIN=0.001
2021-01-02 09:41:05,314 W_MOMENTUM=0.9
2021-01-02 09:41:05,314 W_WEIGHT_DECAY=0.0003
2021-01-02 09:41:05,315 WORKERS=4
2021-01-02 09:41:05,315 
2021-01-02 09:41:06,539 Logger is set - training start
2021-01-02 09:41:07,663 ####### ALPHA #######
2021-01-02 09:41:07,663 # Alpha - normal
2021-01-02 09:41:07,664 tensor([[0.1249, 0.1252, 0.1249, 0.1249, 0.1249, 0.1252, 0.1249, 0.1250],
        [0.1249, 0.1251, 0.1250, 0.1250, 0.1252, 0.1249, 0.1250, 0.1250]],
       grad_fn=<SoftmaxBackward>)
2021-01-02 09:41:07,680 tensor([[0.1249, 0.1253, 0.1250, 0.1250, 0.1249, 0.1250, 0.1250, 0.1249],
        [0.1251, 0.1247, 0.1249, 0.1253, 0.1248, 0.1249, 0.1251, 0.1253],
        [0.1250, 0.1250, 0.1249, 0.1251, 0.1252, 0.1250, 0.1251, 0.1249]],
       grad_fn=<SoftmaxBackward>)
2021-01-02 09:41:07,698 tensor([[0.1250, 0.1249, 0.1250, 0.1250, 0.1250, 0.1251, 0.1249, 0.1251],
        [0.1250, 0.1249, 0.1251, 0.1249, 0.1249, 0.1253, 0.1252, 0.1248],
        [0.1250, 0.1250, 0.1251, 0.1248, 0.1251, 0.1250, 0.1251, 0.1250],
        [0.1250, 0.1251, 0.1250, 0.1251, 0.1251, 0.1251, 0.1249, 0.1248]],
       grad_fn=<SoftmaxBackward>)
2021-01-02 09:41:07,722 tensor([[0.1250, 0.1250, 0.1249, 0.1249, 0.1251, 0.1250, 0.1249, 0.1252],
        [0.1250, 0.1252, 0.1252, 0.1248, 0.1250, 0.1249, 0.1248, 0.1251],
        [0.1251, 0.1251, 0.1250, 0.1251, 0.1248, 0.1250, 0.1249, 0.1249],
        [0.1249, 0.1250, 0.1250, 0.1253, 0.1251, 0.1251, 0.1247, 0.1249],
        [0.1251, 0.1251, 0.1252, 0.1249, 0.1249, 0.1251, 0.1250, 0.1249]],
       grad_fn=<SoftmaxBackward>)
2021-01-02 09:41:07,751 
# Alpha - reduce
2021-01-02 09:41:07,751 tensor([[0.1248, 0.1249, 0.1249, 0.1251, 0.1250, 0.1250, 0.1251, 0.1251],
        [0.1250, 0.1248, 0.1249, 0.1252, 0.1249, 0.1250, 0.1249, 0.1251]],
       grad_fn=<SoftmaxBackward>)
2021-01-02 09:41:07,768 tensor([[0.1251, 0.1249, 0.1252, 0.1249, 0.1250, 0.1250, 0.1249, 0.1250],
        [0.1250, 0.1249, 0.1250, 0.1251, 0.1251, 0.1249, 0.1250, 0.1251],
        [0.1250, 0.1250, 0.1250, 0.1249, 0.1250, 0.1250, 0.1250, 0.1252]],
       grad_fn=<SoftmaxBackward>)
2021-01-02 09:41:07,788 tensor([[0.1251, 0.1247, 0.1249, 0.1252, 0.1252, 0.1249, 0.1251, 0.1249],
        [0.1250, 0.1250, 0.1250, 0.1251, 0.1253, 0.1249, 0.1249, 0.1248],
        [0.1250, 0.1252, 0.1250, 0.1250, 0.1251, 0.1248, 0.1251, 0.1249],
        [0.1250, 0.1251, 0.1251, 0.1249, 0.1248, 0.1251, 0.1250, 0.1250]],
       grad_fn=<SoftmaxBackward>)
2021-01-02 09:41:07,815 tensor([[0.1250, 0.1249, 0.1251, 0.1251, 0.1251, 0.1249, 0.1250, 0.1250],
        [0.1252, 0.1249, 0.1251, 0.1251, 0.1250, 0.1249, 0.1249, 0.1249],
        [0.1249, 0.1250, 0.1251, 0.1250, 0.1249, 0.1250, 0.1250, 0.1252],
        [0.1250, 0.1249, 0.1250, 0.1251, 0.1250, 0.1251, 0.1250, 0.1249],
        [0.1249, 0.1251, 0.1250, 0.1251, 0.1248, 0.1251, 0.1249, 0.1251]],
       grad_fn=<SoftmaxBackward>)
2021-01-02 09:41:07,845 #####################
