2021-01-02 09:38:49,437 
2021-01-02 09:38:49,438 Parameters:
2021-01-02 09:38:49,438 ALPHA_LR=0.0003
2021-01-02 09:38:49,438 ALPHA_WEIGHT_DECAY=0.001
2021-01-02 09:38:49,438 BATCH_SIZE=64
2021-01-02 09:38:49,438 DATA_PATH=./data/
2021-01-02 09:38:49,438 DATASET=CIFAR10
2021-01-02 09:38:49,439 EPOCHS=50
2021-01-02 09:38:49,439 GPUS=[0]
2021-01-02 09:38:49,439 INIT_CHANNELS=16
2021-01-02 09:38:49,439 LAYERS=8
2021-01-02 09:38:49,439 NAME=CIFAR10
2021-01-02 09:38:49,439 PATH=searchs/CIFAR10
2021-01-02 09:38:49,439 PLOT_PATH=searchs/CIFAR10/plots
2021-01-02 09:38:49,439 PRINT_FREQ=50
2021-01-02 09:38:49,439 SEED=2
2021-01-02 09:38:49,439 W_GRAD_CLIP=5.0
2021-01-02 09:38:49,439 W_LR=0.025
2021-01-02 09:38:49,439 W_LR_MIN=0.001
2021-01-02 09:38:49,439 W_MOMENTUM=0.9
2021-01-02 09:38:49,440 W_WEIGHT_DECAY=0.0003
2021-01-02 09:38:49,440 WORKERS=4
2021-01-02 09:38:49,440 
2021-01-02 09:38:50,552 Logger is set - training start
2021-01-02 09:38:51,681 ####### ALPHA #######
2021-01-02 09:38:51,681 # Alpha - normal
2021-01-02 09:38:51,681 tensor([[0.1249, 0.1252, 0.1249, 0.1249, 0.1249, 0.1252, 0.1249, 0.1250],
        [0.1249, 0.1251, 0.1250, 0.1250, 0.1252, 0.1249, 0.1250, 0.1250]],
       grad_fn=<SoftmaxBackward>)
2021-01-02 09:38:51,705 tensor([[0.1249, 0.1253, 0.1250, 0.1250, 0.1249, 0.1250, 0.1250, 0.1249],
        [0.1251, 0.1247, 0.1249, 0.1253, 0.1248, 0.1249, 0.1251, 0.1253],
        [0.1250, 0.1250, 0.1249, 0.1251, 0.1252, 0.1250, 0.1251, 0.1249]],
       grad_fn=<SoftmaxBackward>)
2021-01-02 09:38:51,728 tensor([[0.1250, 0.1249, 0.1250, 0.1250, 0.1250, 0.1251, 0.1249, 0.1251],
        [0.1250, 0.1249, 0.1251, 0.1249, 0.1249, 0.1253, 0.1252, 0.1248],
        [0.1250, 0.1250, 0.1251, 0.1248, 0.1251, 0.1250, 0.1251, 0.1250],
        [0.1250, 0.1251, 0.1250, 0.1251, 0.1251, 0.1251, 0.1249, 0.1248]],
       grad_fn=<SoftmaxBackward>)
2021-01-02 09:38:51,755 tensor([[0.1250, 0.1250, 0.1249, 0.1249, 0.1251, 0.1250, 0.1249, 0.1252],
        [0.1250, 0.1252, 0.1252, 0.1248, 0.1250, 0.1249, 0.1248, 0.1251],
        [0.1251, 0.1251, 0.1250, 0.1251, 0.1248, 0.1250, 0.1249, 0.1249],
        [0.1249, 0.1250, 0.1250, 0.1253, 0.1251, 0.1251, 0.1247, 0.1249],
        [0.1251, 0.1251, 0.1252, 0.1249, 0.1249, 0.1251, 0.1250, 0.1249]],
       grad_fn=<SoftmaxBackward>)
2021-01-02 09:38:51,785 
# Alpha - reduce
2021-01-02 09:38:51,785 tensor([[0.1248, 0.1249, 0.1249, 0.1251, 0.1250, 0.1250, 0.1251, 0.1251],
        [0.1250, 0.1248, 0.1249, 0.1252, 0.1249, 0.1250, 0.1249, 0.1251]],
       grad_fn=<SoftmaxBackward>)
2021-01-02 09:38:51,802 tensor([[0.1251, 0.1249, 0.1252, 0.1249, 0.1250, 0.1250, 0.1249, 0.1250],
        [0.1250, 0.1249, 0.1250, 0.1251, 0.1251, 0.1249, 0.1250, 0.1251],
        [0.1250, 0.1250, 0.1250, 0.1249, 0.1250, 0.1250, 0.1250, 0.1252]],
       grad_fn=<SoftmaxBackward>)
2021-01-02 09:38:51,825 tensor([[0.1251, 0.1247, 0.1249, 0.1252, 0.1252, 0.1249, 0.1251, 0.1249],
        [0.1250, 0.1250, 0.1250, 0.1251, 0.1253, 0.1249, 0.1249, 0.1248],
        [0.1250, 0.1252, 0.1250, 0.1250, 0.1251, 0.1248, 0.1251, 0.1249],
        [0.1250, 0.1251, 0.1251, 0.1249, 0.1248, 0.1251, 0.1250, 0.1250]],
       grad_fn=<SoftmaxBackward>)
2021-01-02 09:38:51,859 tensor([[0.1250, 0.1249, 0.1251, 0.1251, 0.1251, 0.1249, 0.1250, 0.1250],
        [0.1252, 0.1249, 0.1251, 0.1251, 0.1250, 0.1249, 0.1249, 0.1249],
        [0.1249, 0.1250, 0.1251, 0.1250, 0.1249, 0.1250, 0.1250, 0.1252],
        [0.1250, 0.1249, 0.1250, 0.1251, 0.1250, 0.1251, 0.1250, 0.1249],
        [0.1249, 0.1251, 0.1250, 0.1251, 0.1248, 0.1251, 0.1249, 0.1251]],
       grad_fn=<SoftmaxBackward>)
2021-01-02 09:38:51,897 #####################
